10.55 0 5.35
10.7794 2.025e-05 5.3013
11.0144 0.000162 5.25726
11.2546 0.00054675 5.21793
11.4997 0.001296 5.18337
11.7492 0.00253125 5.15364
12.0029 0.004374 5.12881
12.2604 0.00694575 5.10893
12.5213 0.010368 5.09406
12.7853 0.0147622 5.08428
13.0519 0.02025 5.07963
13.3209 0.0269527 5.08017
13.5919 0.034992 5.08598
13.8644 0.0444892 5.0971
14.1383 0.055566 5.1136
14.413 0.0683437 5.13555
14.6883 0.082944 5.16299
14.9637 0.0994882 5.196
15.2389 0.118098 5.23463
15.5136 0.138895 5.27894
15.7874 0.162 5.329
16.0599 0.187535 5.38486
16.3308 0.215622 5.44659
16.5997 0.246382 5.51425
16.8662 0.279936 5.58789
17.1301 0.316406 5.66758
17.3908 0.355914 5.75338
17.6482 0.39858 5.84534
17.9017 0.444527 5.94354
18.1511 0.493877 6.04803
18.396 0.546749 6.15887
18.636 0.603267 6.27613
18.8707 0.663551 6.39985
19.0999 0.727723 6.53011
19.175 0.75 6.575
19.3962 0.819464 6.71403
19.6115 0.892614 6.85952
19.821 0.969085 7.01132
20.0249 1.04851 7.16926
20.2232 1.13053 7.3332
20.4161 1.21478 7.50298
20.6038 1.30089 7.67844
20.7864 1.3885 7.85943
20.9639 1.47724 8.04579
21.1367 1.56675 8.23738
21.3048 1.65667 8.43402
21.4683 1.74662 8.63557
21.6273 1.83626 8.84187
21.7821 1.9252 9.05277
21.9328 2.01309 9.26811
22.0794 2.09957 9.48774
22.2222 2.18426 9.71149
22.3612 2.26681 9.93923
22.4966 2.34684 10.1708
22.6286 2.424 10.406
22.7573 2.49792 10.6447
22.8827 2.56823 10.8868
23.0051 2.63458 11.1321
23.1247 2.69659 11.3804
23.2414 2.75391 11.6316
23.3555 2.80616 11.8856
23.4671 2.85298 12.1421
23.5764 2.89402 12.4011
23.6834 2.92889 12.6623
23.7884 2.95725 12.9256
23.8914 2.97872 13.1909
23.9926 2.99294 13.458
24.0922 2.99955 13.7267
24.125 3 13.8167
24.2225 2.99601 14.0873
24.3183 2.98429 14.3592
24.4124 2.96519 14.632
24.5045 2.93909 14.9055
24.5945 2.90634 15.1793
24.6823 2.86732 15.4534
24.7676 2.82239 15.7273
24.8505 2.7719 16.0009
24.9306 2.71624 16.2738
25.0078 2.65575 16.5459
25.0821 2.59081 16.8169
25.1531 2.52178 17.0865
25.2209 2.44902 17.3544
25.2852 2.3729 17.6205
25.3459 2.29378 17.8844
25.4028 2.21203 18.1459
25.4558 2.12802 18.4047
25.5047 2.04209 18.6606
25.5493 1.95463 18.9134
25.5896 1.866 19.1627
25.6253 1.77656 19.4083
25.6564 1.68667 19.6499
25.6826 1.5967 19.8874
25.7038 1.50701 20.1204
25.7199 1.41797 20.3487
25.7307 1.32994 20.572
25.736 1.24329 20.7901
25.7358 1.15839 21.0027
25.7297 1.07558 21.2096
25.7178 0.995251 21.4104
25.6998 0.917754 21.605
25.6756 0.843457 21.7931
25.645 0.772724 21.9744
25.6333 0.75 22.0333
25.5941 0.684523 22.2053
25.5483 0.623082 22.3704
25.4962 0.565664 22.5287
25.4379 0.512256 22.6805
25.3734 0.462844 22.8259
25.3028 0.417414 22.9651
25.2263 0.375953 23.0984
25.144 0.338448 23.2258
25.0559 0.304885 23.3477
24.9622 0.27525 23.4641
24.8629 0.24953 23.5753
24.7582 0.227712 23.6815
24.6482 0.209782 23.7828
24.533 0.195726 23.8794
24.4127 0.185531 23.9715
24.2873 0.179184 24.0594
24.1571 0.176671 24.1431
24.022 0.177978 24.2229
23.8823 0.183092 24.299
23.7379 0.192 24.3715
23.5891 0.204688 24.4407
23.4359 0.221142 24.5067
23.2784 0.241349 24.5698
23.1167 0.265296 24.63
22.9509 0.292968 24.6876
22.7812 0.324354 24.7428
22.6076 0.359438 24.7958
22.4302 0.398208 24.8468
22.2492 0.440649 24.8958
22.0646 0.486749 24.9433
21.8766 0.536495 24.9892
21.6852 0.589871 25.0338
21.4906 0.646866 25.0774
21.425 0.666667 25.0917
21.2262 0.728419 25.134
21.0245 0.793489 25.1754
20.8201 0.861591 25.2157
20.6131 0.932443 25.255
20.4037 1.00576 25.2932
20.192 1.08126 25.3301
19.9784 1.15866 25.3657
19.7628 1.23767 25.3999
19.5456 1.31802 25.4326
19.3269 1.39942 25.4638
19.1069 1.48158 25.4934
18.8858 1.56422 25.5213
18.6636 1.64706 25.5475
18.4407 1.72981 25.5718
18.2172 1.8122 25.5942
17.9932 1.89393 25.6146
17.769 1.97473 25.633
17.5447 2.0543 25.6492
17.3205 2.13238 25.6632
17.0966 2.20867 25.6749
16.8732 2.28288 25.6842
16.6503 2.35475 25.6911
16.4283 2.42398 25.6955
16.2073 2.49028 25.6972
15.9875 2.55339 25.6964
15.769 2.613 25.6927
15.5521 2.66884 25.6863
15.3368 2.72063 25.6769
15.1235 2.76809 25.6646
14.9122 2.81092 25.6492
14.7031 2.84884 25.6307
14.4965 2.88158 25.609
14.2924 2.90884 25.5841
14.225 2.91667 25.575
14.0247 2.93631 25.5456
13.8271 2.95049 25.5127
13.6322 2.9596 25.4763
13.44 2.96404 25.4363
13.2504 2.9642 25.3928
13.0633 2.96046 25.3455
12.8787 2.95322 25.2945
12.6965 2.94287 25.2397
12.5167 2.92981 25.181
12.3391 2.91442 25.1184
12.1638 2.89709 25.0518
11.9906 2.87822 24.9811
11.8196 2.8582 24.9063
11.6505 2.83741 24.8273
11.4835 2.81626 24.7441
11.3184 2.79513 24.6566
11.1552 2.77441 24.5647
10.9937 2.7545 24.4684
10.834 2.73579 24.3676
10.676 2.71867 24.2622
10.5196 2.70352 24.1522
10.3648 2.69075 24.0375
10.2114 2.68074 23.9181
10.0595 2.67388 23.7939
9.90899 2.67057 23.6648
9.75978 2.6712 23.5308
9.61182 2.67616 23.3918
9.46506 2.68583 23.2478
9.31943 2.70062 23.0986
9.17488 2.72092 22.9443
9.03134 2.7471 22.7847
8.88875 2.77958 22.6199
8.74705 2.81873 22.4496
8.7 2.83333 22.3917
8.55947 2.88184 22.2143
8.42011 2.937 22.0318
8.2823 2.99824 21.8447
8.14641 3.06503 21.6535
8.0128 3.1368 21.4583
7.88185 3.21301 21.2598
7.75391 3.29309 21.0583
7.62937 3.3765 20.8542
7.50858 3.46268 20.6479
7.39192 3.55108 20.4399
7.27976 3.64115 20.2304
7.17246 3.73233 20.02
7.0704 3.82406 19.8091
6.97393 3.9158 19.598
6.88343 4.00699 19.3872
6.79928 4.09708 19.177
6.72183 4.18551 18.968
6.65145 4.27173 18.7604
6.58852 4.35519 18.5547
6.5334 4.43533 18.3513
6.48646 4.51161 18.1506
6.44807 4.58346 17.953
6.4186 4.65033 17.759
6.39842 4.71167 17.5688
6.38789 4.76693 17.3831
6.38739 4.81555 17.202
6.39727 4.85698 17.0262
6.41792 4.89066 16.8559
6.4497 4.91605 16.6915
6.49297 4.93258 16.5336
6.54812 4.93971 16.3824
6.61549 4.93689 16.2384
6.69547 4.92355 16.102
6.725 4.91667 16.0583
6.82214 4.88863 15.9326
6.93146 4.84987 15.8146
7.05202 4.80091 15.7039
7.1829 4.74228 15.6001
7.32317 4.67451 15.5028
7.47192 4.59812 15.4116
7.62821 4.51364 15.3261
7.79113 4.4216 15.2458
7.95974 4.32251 15.1704
8.13312 4.21692 15.0995
8.31036 4.10534 15.0325
8.49051 3.9883 14.9692
8.67266 3.86633 14.9091
8.85589 3.73995 14.8517
9.03927 3.6097 14.7968
9.22186 3.47609 14.7438
9.40276 3.33966 14.6924
9.58103 3.20092 14.6421
9.75575 3.06042 14.5926
9.926 2.91867 14.5433
10.0908 2.7762 14.494
10.2494 2.63353 14.4442
10.4006 2.4912 14.3935
10.5437 2.34972 14.3414
10.6777 2.20964 14.2876
10.8017 2.07146 14.2317
10.9147 1.93573 14.1732
11.0159 1.80296 14.1117
11.1042 1.67368 14.0469
11.1789 1.54842 13.9782
11.2389 1.4277 13.9053
11.2833 1.31206 13.8279
11.3112 1.20202 13.7454
11.3167 1.16667 13.7167
11.3215 1.06479 13.6269
11.3094 0.969015 13.5318
11.2814 0.879166 13.4315
11.2384 0.795051 13.3263
11.1813 0.716479 13.2164
11.1109 0.643263 13.102
11.0283 0.575212 12.9832
10.9341 0.512139 12.8604
10.8295 0.453853 12.7338
10.7152 0.400167 12.6034
10.5923 0.35089 12.4697
10.4614 0.305835 12.3327
10.3237 0.264811 12.1928
10.1799 0.227631 12.05
10.031 0.194104 11.9047
9.87793 0.164043 11.757
9.7215 0.137257 11.6071
9.56264 0.113559 11.4553
9.40227 0.0927582 11.3019
9.24127 0.0746667 11.1469
9.08055 0.0590953 10.9906
8.92101 0.0458547 10.8332
8.76355 0.0347563 10.675
8.60907 0.0256108 10.5162
8.45846 0.0182292 10.3569
8.31265 0.0124227 10.1974
8.17251 0.00800196 10.0379
8.03895 0.0047787 9.87864
7.91288 0.00256306 9.7198
7.79519 0.00116658 9.56159
7.68679 0.000400265 9.40425
7.58857 7.45455e-05 9.24798
7.50143 1.11262e-06 9.09301
7.475 0 9.04167
7.40386 0 8.88872
7.34482 0 8.73744
7.29768 0 8.58791
7.26225 0 8.44023
7.23835 0 8.29449
7.22578 0 8.15077
7.22435 0 8.00917
7.23388 0 7.86979
7.25417 0 7.73269
7.28502 0 7.59799
7.32627 0 7.46577
7.3777 0 7.33612
7.43913 0 7.20912
7.51038 0 7.08488
7.59124 0 6.96348
7.68153 0 6.84501
7.78107 0 6.72957
7.88965 0 6.61723
8.00709 0 6.5081
8.1332 0 6.40227
8.26779 0 6.29981
8.41066 0 6.20084
8.56163 0 6.10542
8.72051 0 6.01366
8.88711 0 5.92565
9.06123 0 5.84148
9.24269 0 5.76123
9.43129 0 5.68499
9.62685 0 5.61287
9.82917 0 5.54494
